 10:44:33.228
-156 512 15476 
-204 452 15296 

10:44:33.328
-272 476 15576 
-288
10:44:33.428
 624 15500 
-312 456 15500 

10:44:33.527
-224 560 15468 
-296 484 15496 

10:44:33.628
-192 424 15492 
-176 492 15468 

10:44:33.729
-340 388 15536 
-284 476 15532 

10:44:33.828
-220 444 15396 
-264 440 15400 

10:44:33.928
-232 436 15420 
-408 496 15444 

10:44:34.028
-344 524 15588 
-284 484 15436 

10:44:34.128
-200 480 15536 
-344 536 15396 10:44:34.224

-188 440 15520 
-328 4
10:44:34.326
96 15608 
-296 412 15532 
-24
10:44:34.428
8 408 15372 
-280 452 15536 
-
10:44:34.527
260 444 15468 
-280 452 15280 

10:44:34.628
-232 428 15352 
-284 488 15456 

10:44:34.724
-312 508 15388 
-196 544 15448 

10:44:34.827
-376 452 15552 
-216 500 15556 

10:44:34.927
-172 464 15460 
-292 548 15468 

10:44:35.027
-268 540 15440 
-252 492 15448 

10:44:35.128
-264 384 15556 
-360 444 15424 

10:44:35.224
-244 596 15428 
-268 440 
10:44:35.327
15612 
-248 524 15552 
-312 624 15
10:44:35.428
448 
-408 468 15484 
-348 
10:44:35.527
528 15360 
-276 528 15392 
-30
10:44:35.627
0 508 15496 
-356 456 15404 

10:44:35.724
-240 468 15556 
-264 364 15384 

10:44:35.827
-360 476 15480 
-376 476 15420 

10:44:35.928
-312 564 15488 
-324 340 15580 

10:44:36.027
-440 448 15464 
-316 500 15456 

10:44:36.128
-284 508 15480 
-232 588 15448 

10:44:36.226
-288 448 15500 
-264 516 15468 

10:44:36.328
-288 532 15532 
-312 484 15520 
10:44:36.428

-280 452 15456 
-284 468 1552
10:44:36.528
0 
-272 512 15432 
-240 4
10:44:36.627
68 15340 
-280 600 15380 

10:44:36.724
-324 492 15596 
-216 588 15444 

10:44:36.827
-232 560 15468 
-304 396 15556 

10:44:36.928
-320 464 15504 
-168 484 15560 

10:44:37.027
-264 532 15496 
-240 564 15400 

10:44:37.127
-280 492 15472 
-324 496 15600 

10:44:37.225
-348 444 15608 
-316 448 15328 

10:44:37.327
-304 476 15528 
-380 392 15504 

10:44:37.428
-284 508 15592 
-300 564 15416 10:44:37.529

-204 476 15424 
-360 572 1
10:44:37.627
5452 
-260 532 15488 
-320
10:44:37.725
 480 15460 
-324 456 15560 

10:44:37.827
-236 312 15332 
-320 552 15580 

10:44:37.927
-272 500 15488 
-280 544 15392 

10:44:38.027
-368 520 15484 
-228 460 15528 

10:44:38.127
-352 428 15552 
-264 400 15516 

10:44:38.226
-200 572 15400 
-316 480 15492 

10:44:38.325
-252 444 15488 
-272 468 15496 

10:44:38.428
-264 452 15452 
-228 508 15480 

10:44:38.530
-336 468 15464 
-200 460 15412
10:44:38.629
 
-284 488 15492 
-324 484 154
10:44:38.729
08 
-304 588 15444 
-260 
10:44:38.825
540 15324 
-264 536 15492 

10:44:38.928
-212 376 15528 
-252 476 15580 

10:44:39.027
-276 500 15460 
-292 480 15384 

10:44:39.128
-168 496 15420 
-288 524 15588 

10:44:39.228
-300 520 15492 
-256 568 15416 

10:44:39.324
-224 484 15536 
-264 548 15440 

10:44:39.428
-308 480 15488 
-144 536 15488 

10:44:39.528
-296 516 15612 
-300 628 15320 

10:44:39.629
-216 468 15556 
-248 524 15452 
10:44:39.729

-296 480 15516 
-264 552 
10:44:39.824
15456 
-264 540 15384 

10:44:39.928
-396 492 15500 
-288 468 15320 
-
10:44:40.029
284 396 15416 
-452 528 15604 

10:44:40.128
-272 424 15416 
-300 424 15600 

10:44:40.228
-228 508 15504 
-360 496 15472 

10:44:40.325
-380 452 15428 
-264 496 15512 

10:44:40.428
-256 536 15496 
-288 472 15476 

10:44:40.528
-224 524 15512 
-320 524 15400 

10:44:40.628
-348 456 15472 
-312 556 15572 

10:44:40.729
-364 540 15440 
-272 496 1553
10:44:40.826
2 
-376 512 15368 
-300 49
10:44:40.925
6 15372 
-320 500 15544 

10:44:41.028
-256 356 15508 
-212 528 15332 

10:44:41.128
-128 500 15488 
-96 472 15372 

10:44:41.228
-236 472 15492 
-320 524 15492 

10:44:41.325
-316 456 15580 
-316 452 15500 

10:44:41.428
-344 516 15392 
-272 548 15572 

10:44:41.528
-300 436 15412 
-316 528 15496 

10:44:41.628
-292 392 15484 
-272 508 15492 

10:44:41.727
-304 464 15468 
-272 372 15472 

10:44:41.825
-336 584 15476 
-192 504 1
10:44:41.928
5356 
-312 608 15448 
-244 536
10:44:42.028
 15448 
-332 492 15612 
-240 6
10:44:42.129
08 15400 
-236 500 15540 

10:44:42.227
-264 428 15464 
-360 488 15452 

10:44:42.324
-216 484 15396 
-236 572 15504 

10:44:42.428
-264 556 15592 
-156 512 15392 

10:44:42.528
-204 544 15356 
-320 524 15432 

10:44:42.628
-368 488 15316 
-300 456 15380 

10:44:42.728
-276 548 15400 
-316 448 15424 

10:44:42.825
-320 552 15440 
-280 580 15524
10:44:42.924
 
-232 408 15504 
-200 396
10:44:43.024
 15468 
-220 500 15368 
-220 3
10:44:43.129
84 15492 
-328 392 15464 
-22
10:44:43.228
4 512 15496 
-336 480 15364 
-
10:44:43.325
372 492 15436 
-220 496 15448 

10:44:43.427
-268 496 15412 
-236 512 15384 

10:44:43.528
-312 536 15468 
-292 540 15532 

10:44:43.628
-340 552 15452 
-328 580 15508 

10:44:43.728
-284 424 15476 
-172 428 15512 

10:44:43.826
-288 468 15404 
-168 500 15544 

10:44:43.927
-320 500 15536 
-220 472 15512 10:44:44.028

-312 412 15488 
-240 496 1541
10:44:44.127
6 
-356 572 15400 
-256 42
10:44:44.228
4 15356 
-300 444 15472 
-240 
10:44:44.327
460 15444 
-264 556 15456 

10:44:44.426
-264 368 15444 
-240 440 15364 

10:44:44.528
-264 508 15368 
-320 480 15464 

10:44:44.627
-408 428 15472 
-10668 -1192 26260 

10:44:44.727
4764 592 9832 
-3588 544 19076 

10:44:44.826
372 512 15748 
-468 88 15284 

10:44:44.923
-2204 1128 15344 
2204 -172 15000
10:44:45.028
 
-1560 900 15372 
300 832 15292 

10:44:45.128
-804 848 15648 
480 444 15428 
10:44:45.228

72 2748 14972 
-1848 47
10:44:45.328
84 14820 
-856 5944 13864 
-4
10:44:45.424
92 6012 15988 
1948 8052 19080 

10:44:45.528
18356 1788 -15996 
896 4228 7812 

10:44:45.627
-4200 -676 18348 
2628 496 9352 

10:44:45.728
-672 4448 15612 
-3896 -472 14900 

10:44:45.828
7484 -13160 2020 
-4984 -6668 16888 

10:44:45.928
1968 -3924 9696 
-1232 -4712 14668 

10:44:46.028
-600 -1412 10204 
1952 -1532 14924 

10:44:46.128
-828 -1804 17188 
68 -2900 15504 

10:44:46.228
476 -3672 16436 
2404 -2848 
10:44:46.327
10912 
-2504 -4504 18780 
-5676
10:44:46.424
 -4828 20996 
472 -4780 14032 

10:44:46.527
5728 1004 2044 
-2696 -14392 32767 

10:44:46.627
7928 -260 6560 
5016 744 -4948 

10:44:46.727
-7264 2180 22052 
-8856 10788 27360 

10:44:46.827
-2424 7604 18524 
1416 7788 12288 

10:44:46.923
-1252 5236 16588 
440 3104 15344 

10:44:47.027
-996 772 15688 
248 748 15640 

10:44:47.126
-380 624 15400 
956 800 15664 

10:44:47.227
444 1376 15596 
2392 940 14960
10:44:47.328
 
3988 1044 13648 
7352 -692 1
10:44:47.424
2824 
2048 388 16604 
6
10:44:47.527
936 1544 8248 
4156 -1492 15184 

10:44:47.627
11080 -124 7364 
10184 -1044 5092 

10:44:47.727
264 296 18540 
-2600 216 17880 

10:44:47.828
-28 2224 10884 
-3516 -7372 23196 

10:44:47.923
-6008 -4428 18704 
-10268 -2556 20560 

10:44:48.027
-2332 -1804 12620 
-13400 -3920 24692 

10:44:48.128
-8948 -1440 16408 
-5488 -1100 14640 

10:44:48.228
-5732 -532 15300 
-4188 0 15780 

10:44:48.328
-3508 -580 14772 
-5232 -528 158
10:44:48.424
44 
-6812 -860 18496 
-41
10:44:48.528
60 -72 12624 
-3512 -512 17008 
-4000
10:44:48.624
 696 13508 
-4948 -564 9988 

10:44:48.727
696 -2504 10132 
-13660 -6624 32767 

10:44:48.828
-12548 -2664 32767 
-8016 -2456 32767 

10:44:48.924
0 2048 16508 
8376 -2344 17504 

10:44:49.027
9984 -2944 -1048 
20188 708 44 

10:44:49.127
4656 636 17952 
6688 740 15512 

10:44:49.228
4848 192 17616 
3448 1692 15992 

10:44:49.329
2364 692 15352 
88 620 14180 

10:44:49.423
-604 448 15336 
-908 2
10:44:49.527
72 15424 
1808 -280 14332 
-108 119
10:44:49.628
6 15772 
-492 132 15832 
22
10:44:49.727
8 728 15444 
-540 388 15584 

10:44:49.827
152 540 15436 
-360 568 15424 

10:44:49.925
-216 452 15336 
-128 532 15452 

10:44:50.027
-464 436 15572 
-24 468 15560 

10:44:50.127
-444 396 15432 
-272 576 15528 

10:44:50.227
-220 456 15452 
-356 408 15444 

10:44:50.329
-80 480 15496 
-184 328 15448 

10:44:50.424
-232 488 15440 
-144 380 15464
10:44:50.529
 
-308 436 15464 
-296 476 154
10:44:50.627
68 
-252 480 15380 
-316 4
10:44:50.727
92 15396 
-208 472 15388 
-20
10:44:50.827
4 408 15632 
-296 508 15480 

10:44:50.924
-304 448 15392 
-312 424 15308 

10:44:51.026
-268 416 15472 
-188 420 15444 

10:44:51.127
-180 392 15528 
-188 412 15492 

10:44:51.226
-228 480 15504 
-304 516 15504 

10:44:51.327
-208 504 15336 
-220 492 15532 

10:44:51.425
-236 444 15488 
-292 488 15436 

10:44:51.528
-268 436 15520 
-240 520 15464 10:44:51.628

-260 480 15448 
-184 524 
10:44:51.727
15448 
-232 436 15436 
-332 44
10:44:51.827
8 15396 
-208 432 15368 
-
10:44:51.923
288 568 15464 
-424 456 15432 

10:44:52.026
-280 440 15472 
-372 532 15536 

10:44:52.127
-388 436 15424 
-248 516 15392 

10:44:52.227
-212 484 15444 
-148 468 15424 

10:44:52.327
-176 564 15464 
-312 384 15544 

10:44:52.426
-296 428 15408 
-264 460 15460 

10:44:52.527
-264 392 15436 
-244 516 15580 

10:44:52.627
-176 408 15504 
-296 452 15372 

10:44:52.727
-264 564 15464 
-284 484 15
10:44:52.827
516 
-380 444 15500 
-268 
10:44:52.926
452 15460 
-240 436 15420 
-3
10:44:53.023
60 404 15528 
-224 376 15560 

10:44:53.127
-236 420 15456 
-248 436 15548 

10:44:53.226
-272 340 15456 
-272 560 15364 

10:44:53.326
-280 336 15456 
-264 380 15372 

10:44:53.426
-352 424 15548 
-248 468 15464 

10:44:53.523
-360 408 15468 
-232 412 15484 

10:44:53.626
-260 496 15412 
-196 448 15508 

10:44:53.727
-260 452 15688 
-296 452 15552 
10:44:53.827

-292 416 15484 
-264 472 155
10:44:53.927
32 
-288 448 15596 
-156 5
10:44:54.023
40 15324 
-240 452 15428 

10:44:54.127
-288 504 15516 
-276 484 15472 

10:44:54.226
-320 500 15604 
-224 432 15528 

10:44:54.327
-216 544 15500 
-216 476 15448 

10:44:54.427
-292 508 15544 
-188 480 15408 

10:44:54.523
-268 564 15536 
-236 368 15464 

10:44:54.627
-260 448 15428 
-252 392 15452 

10:44:54.727
-220 500 15512 
-272 440 15464 

10:44:54.828
-288 464 15600 
-280 472 15488 10:44:54.927

-192 456 15376 
-204 484 1
10:44:55.023
5376 
-92 384 15468 

10:44:55.126
-304 516 15400 
-212 436 15440 
-
10:44:55.226
332 516 15576 
-428 496 15488 

10:44:55.326
-300 396 15424 
-348 392 15500 

10:44:55.425
-240 532 15484 
-272 412 15472 

10:44:55.524
-352 416 15420 
-228 552 15552 

10:44:55.625
-348 460 15468 
-248 528 15396 

10:44:55.727
-232 532 15368 
-280 436 15464 

10:44:55.828
-264 488 15524 
-288 404 15368 

10:44:55.929
-308 416 15492 
-300 520 15336 

10:44:56.028
-288 440 15496 
-264 480 15
10:44:56.127
400 
-224 444 15544 
-252 
10:44:56.227
564 15420 
-188 496 15392 

10:44:56.327
-192 476 15496 
-204 492 15524 

10:44:56.427
-232 360 15388 
-236 504 15592 

10:44:56.528
-156 400 15388 
-224 440 15472 

10:44:56.624
-216 460 15520 
-184 520 15556 

10:44:56.727
-280 432 15540 
-320 524 15304 

10:44:56.827
-332 428 15568 
-240 432 15492 

10:44:56.927
-212 368 15596 
-276 452 15460 

10:44:57.027
-188 504 15380 
-348 416 15480 
10:44:57.124

-268 436 15432 
-260 
10:44:57.227
520 15436 
-212 404 15516 
-200 34
10:44:57.328
4 15536 
-344 516 15460 
-
